1	10	10	0
2	22	20	21.9
3	40	30	16.6
4	14	40	20.8
5	13	50	28.9
6	15	60	24.2
7	11	70	24.8
8	30	80	16.9
9	32	90	17.9
10	32	100	24.2
11	12	110	19.4
12	32	120	16.1
13	14	130	20.5
14	17	140	21.8
15	12	150	22.6
16	18	160	18.8
17	22	170	17.5
18	14	180	22.9
19	12	190	30.3
20	13	200	26.2
21	12	210	23.8
22	17	220	16.4
23	20	230	15.5
24	24	240	22.1
25	14	250	16.6
26	19	260	17.5
27	61	270	22.7
28	13	280	20.3
29	14	290	23.9
30	14	300	20.6
31	40	310	23.1
32	33	320	22
33	15	330	22.6
34	10	340	20.2
35	51	350	16.6
36	80	360	22.4
37	21	370	25
38	12	380	16.6
39	15	390	18.9
40	12	400	18.9
41	18	410	23.2
42	42	420	19.9
43	12	430	21.7
44	12	440	30.1
45	35	450	17.9
46	31	460	18.1
47	25	470	15.6
48	33	480	15.6
49	22	490	25
50	12	500	16
51	30	510	17.3
52	17	520	22.4
53	29	530	17.2
54	14	540	17.1
55	27	550	18.7
56	25	560	22.5
57	17	570	16
58	18	580	21.6
59	46	590	26.4
60	25	600	14.4
61	27	610	28.9
62	13	620	23.3
63	17	630	18.9
64	18	640	30.7
65	17	650	20.1
66	15	660	22.2
67	15	670	20.7
68	15	680	22.2
69	16	690	13.7
70	16	700	23.5
71	12	710	29.9
72	10	720	16.6
73	24	730	28.5
74	14	740	19.5
75	12	750	24.5
76	11	760	25.2
77	15	770	22
78	35	780	25.8
79	18	790	23.9
80	28	800	22.8
81	13	810	17.3
82	31	820	21.6
83	10	830	21.1
84	42	840	16.5
85	36	850	18.8
86	11	860	18.7
87	13	870	17.1
88	21	880	19.9
89	23	890	17.1
90	42	900	14.7
91	9	910	26.5
92	23	920	21.9
93	31	930	25.2
94	11	940	23.9
95	18	950	16.7
96	24	960	18.6
97	18	970	20.9
98	16	980	18.3
99	14	990	17.7
100	30	1000	22.5
101	18	0
102	16	0
103	14	0
104	17	0
105	21	0
106	11	0
107	15	0
108	8	0
109	10	0
110	31	0
111	11	0
112	29	0
113	9	0
114	13	0
115	24	0
116	15	0
117	36	0
118	19	0
119	17	0
120	32	0
121	17	0
122	8	0
123	12	0
124	34	0
125	49	0
126	15	0
127	18	0
128	25	0
129	26	0
130	14	0
131	16	0
132	42	0
133	21	0
134	56	0
135	18	0
136	11	0
137	17	0
138	10	0
139	19	0
140	16	0
141	20	0
142	9	0
143	11	0
144	12	0
145	19	0
146	39	0
147	18	0
148	15	0
149	28	0
150	17	0
151	16	0
152	11	0
153	11	0
154	32	0
155	22	0
156	10	0
157	32	0
158	13	0
159	11	0
160	17	0
161	32	0
162	29	0
163	33	0
164	14	0
165	18	0
166	14	0
167	27	0
168	31	0
169	21	0
170	10	0
171	48	0
172	20	0
173	33	0
174	84	0
175	20	0
176	19	0
177	32	0
178	11	0
179	23	0
180	13	0
181	38	0
182	49	0
183	23	0
184	14	0
185	16	0
186	47	0
187	23	0
188	24	0
189	19	0
190	9	0
191	40	0
192	49	0
193	15	0
194	21	0
195	10	0
196	37	0
197	14	0
198	10	0
199	11	0
200	31	0
201	11	0
202	11	0
203	13	0
204	11	0
205	19	0
206	23	0
207	32	0
208	19	0
209	15	0
210	10	0
211	26	0
212	14	0
213	21	0
214	15	0
215	9	0
216	14	0
217	10	0
218	11	0
219	14	0
220	21	0
221	18	0
222	13	0
223	17	0
224	11	0
225	31	0
226	40	0
227	12	0
228	38	0
229	8	0
230	33	0
231	14	0
232	9	0
233	15	0
234	11	0
235	15	0
236	13	0
237	28	0
238	11	0
239	30	0
240	20	0
241	22	0
242	22	0
243	14	0
244	14	0
245	19	0
246	18	0
247	28	0
248	14	0
249	13	0
250	11	0
251	10	0
252	50	0
253	18	0
254	18	0
255	11	0
256	37	0
257	15	0
258	12	0
259	10	0
260	46	0
261	51	0
262	14	0
263	24	0
264	30	0
265	13	0
266	17	0
267	19	0
268	11	0
269	13	0
270	11	0
271	28	0
272	33	0
273	16	0
274	58	0
275	15	0
276	25	0
277	24	0
278	15	0
279	9	0
280	16	0
281	20	0
282	13	0
283	25	0
284	15	0
285	25	0
286	13	0
287	35	0
288	26	0
289	14	0
290	20	0
291	22	0
292	20	0
293	18	0
294	18	0
295	27	0
296	17	0
297	21	0
298	18	0
299	46	0
300	24	0
301	21	0
302	32	0
303	21	0
304	26	0
305	25	0
306	12	0
307	38	0
308	14	0
309	15	0
310	16	0
311	35	0
312	58	0
313	23	0
314	13	0
315	11	0
316	14	0
317	15	0
318	13	0
319	15	0
320	29	0
321	29	0
322	13	0
323	15	0
324	16	0
325	15	0
326	12	0
327	21	0
328	37	0
329	22	0
330	22	0
331	24	0
332	19	0
333	10	0
334	11	0
335	16	0
336	12	0
337	34	0
338	14	0
339	14	0
340	12	0
341	16	0
342	16	0
343	11	0
344	14	0
345	67	0
346	30	0
347	11	0
348	16	0
349	8	0
350	35	0
351	18	0
352	14	0
353	27	0
354	13	0
355	13	0
356	16	0
357	41	0
358	67	0
359	22	0
360	19	0
361	16	0
362	9	0
363	9	0
364	17	0
365	12	0
366	27	0
367	18	0
368	26	0
369	18	0
370	14	0
371	10	0
372	10	0
373	30	0
374	14	0
375	20	0
376	24	0
377	20	0
378	30	0
379	21	0
380	10	0
381	16	0
382	15	0
383	28	0
384	15	0
385	10	0
386	30	0
387	16	0
388	23	0
389	18	0
390	18	0
391	13	0
392	12	0
393	33	0
394	39	0
395	15	0
396	19	0
397	14	0
398	19	0
399	59	0
400	9	0
401	15	0
402	11	0
403	37	0
404	33	0
405	16	0
406	21	0
407	12	0
408	14	0
409	14	0
410	26	0
411	40	0
412	14	0
413	22	0
414	21	0
415	30	0
416	12	0
417	9	0
418	16	0
419	34	0
420	19	0
421	40	0
422	23	0
423	22	0
424	24	0
425	40	0
426	40	0
427	12	0
428	12	0
429	32	0
430	56	0
431	19	0
432	16	0
433	21	0
434	17	0
435	20	0
436	10	0
437	30	0
438	21	0
439	11	0
440	14	0
441	17	0
442	14	0
443	24	0
444	31	0
445	16	0
446	27	0
447	13	0
448	9	0
449	11	0
450	19	0
451	18	0
452	11	0
453	45	0
454	11	0
455	9	0
456	12	0
457	11	0
458	16	0
459	11	0
460	12	0
461	10	0
462	10	0
463	31	0
464	28	0
465	10	0
466	10	0
467	13	0
468	9	0
469	14	0
470	21	0
471	11	0
472	19	0
473	19	0
474	29	0
475	33	0
476	9	0
477	31	0
478	26	0
479	64	0
480	9	0
481	13	0
482	17	0
483	8	0
484	16	0
485	8	0
486	37	0
487	23	0
488	12	0
489	16	0
490	10	0
491	10	0
492	49	0
493	20	0
494	9	0
495	14	0
496	16	0
497	15	0
498	9	0
499	20	0
500	11	0
501	22	0
502	17	0
503	17	0
504	40	0
505	37	0
506	22	0
507	22	0
508	18	0
509	12	0
510	17	0
511	12	0
512	21	0
513	22	0
514	34	0
515	11	0
516	13	0
517	11	0
518	12	0
519	22	0
520	14	0
521	15	0
522	34	0
523	15	0
524	15	0
525	17	0
526	11	0
527	16	0
528	27	0
529	11	0
530	10	0
531	19	0
532	19	0
533	19	0
534	16	0
535	22	0
536	14	0
537	20	0
538	23	0
539	15	0
540	20	0
541	46	0
542	22	0
543	30	0
544	16	0
545	14	0
546	10	0
547	19	0
548	13	0
549	15	0
550	40	0
551	20	0
552	10	0
553	8	0
554	14	0
555	25	0
556	20	0
557	9	0
558	9	0
559	30	0
560	15	0
561	17	0
562	32	0
563	44	0
564	14	0
565	36	0
566	11	0
567	16	0
568	9	0
569	15	0
570	22	0
571	12	0
572	18	0
573	15	0
574	25	0
575	13	0
576	31	0
577	15	0
578	26	0
579	45	0
580	64	0
581	20	0
582	13	0
583	11	0
584	17	0
585	13	0
586	16	0
587	12	0
588	11	0
589	20	0
590	11	0
591	19	0
592	47	0
593	13	0
594	19	0
595	56	0
596	30	0
597	13	0
598	16	0
599	58	0
600	18	0
601	9	0
602	18	0
603	69	0
604	14	0
605	44	0
606	14	0
607	10	0
608	14	0
609	28	0
610	13	0
611	20	0
612	22	0
613	10	0
614	26	0
615	31	0
616	9	0
617	23	0
618	17	0
619	12	0
620	19	0
621	12	0
622	9	0
623	29	0
624	39	0
625	37	0
626	83	0
627	23	0
628	47	0
629	9	0
630	19	0
631	8	0
632	48	0
633	19	0
634	18	0
635	21	0
636	18	0
637	19	0
638	11	0
639	21	0
640	18	0
641	14	0
642	52	0
643	18	0
644	10	0
645	11	0
646	12	0
647	15	0
648	20	0
649	43	0
650	27	0
651	25	0
652	43	0
653	15	0
654	31	0
655	9	0
656	18	0
657	15	0
658	14	0
659	15	0
660	22	0
661	28	0
662	30	0
663	27	0
664	37	0
665	15	0
666	21	0
667	16	0
668	13	0
669	22	0
670	13	0
671	21	0
672	12	0
673	14	0
674	15	0
675	11	0
676	13	0
677	19	0
678	12	0
679	12	0
680	8	0
681	11	0
682	12	0
683	33	0
684	13	0
685	25	0
686	13	0
687	53	0
688	21	0
689	15	0
690	39	0
691	48	0
692	49	0
693	14	0
694	28	0
695	30	0
696	19	0
697	16	0
698	48	0
699	17	0
700	30	0
701	10	0
702	13	0
703	16	0
704	26	0
705	12	0
706	18	0
707	12	0
708	30	0
709	15	0
710	14	0
711	19	0
712	61	0
713	41	0
714	14	0
715	26	0
716	34	0
717	18	0
718	16	0
719	15	0
720	41	0
721	13	0
722	21	0
723	9	0
724	49	0
725	13	0
726	30	0
727	14	0
728	15	0
729	19	0
730	12	0
731	16	0
732	19	0
733	39	0
734	21	0
735	25	0
736	15	0
737	21	0
738	19	0
739	50	0
740	20	0
741	12	0
742	20	0
743	37	0
744	9	0
745	21	0
746	9	0
747	44	0
748	64	0
749	24	0
750	12	0
751	12	0
752	22	0
753	19	0
754	16	0
755	15	0
756	19	0
757	29	0
758	37	0
759	37	0
760	14	0
761	33	0
762	37	0
763	11	0
764	19	0
765	16	0
766	22	0
767	73	0
768	14	0
769	18	0
770	15	0
771	13	0
772	41	0
773	46	0
774	12	0
775	16	0
776	46	0
777	9	0
778	26	0
779	12	0
780	18	0
781	27	0
782	52	0
783	38	0
784	19	0
785	34	0
786	11	0
787	16	0
788	9	0
789	13	0
790	9	0
791	13	0
792	11	0
793	16	0
794	10	0
795	23	0
796	12	0
797	25	0
798	12	0
799	34	0
800	17	0
801	12	0
802	12	0
803	35	0
804	23	0
805	11	0
806	21	0
807	15	0
808	17	0
809	32	0
810	38	0
811	20	0
812	64	0
813	16	0
814	13	0
815	13	0
816	14	0
817	17	0
818	13	0
819	18	0
820	23	0
821	17	0
822	20	0
823	11	0
824	23	0
825	11	0
826	20	0
827	11	0
828	12	0
829	16	0
830	24	0
831	50	0
832	10	0
833	12	0
834	11	0
835	17	0
836	28	0
837	23	0
838	16	0
839	9	0
840	12	0
841	21	0
842	9	0
843	13	0
844	16	0
845	14	0
846	45	0
847	16	0
848	20	0
849	16	0
850	17	0
851	16	0
852	19	0
853	12	0
854	28	0
855	12	0
856	30	0
857	11	0
858	15	0
859	10	0
860	18	0
861	9	0
862	11	0
863	58	0
864	17	0
865	23	0
866	16	0
867	18	0
868	12	0
869	15	0
870	20	0
871	10	0
872	22	0
873	13	0
874	22	0
875	25	0
876	10	0
877	27	0
878	11	0
879	11	0
880	20	0
881	8	0
882	17	0
883	15	0
884	12	0
885	17	0
886	9	0
887	11	0
888	18	0
889	24	0
890	16	0
891	24	0
892	35	0
893	23	0
894	26	0
895	38	0
896	41	0
897	21	0
898	18	0
899	13	0
900	26	0
901	17	0
902	33	0
903	13	0
904	11	0
905	30	0
906	24	0
907	40	0
908	20	0
909	9	0
910	22	0
911	13	0
912	47	0
913	13	0
914	46	0
915	15	0
916	44	0
917	11	0
918	12	0
919	33	0
920	18	0
921	20	0
922	17	0
923	26	0
924	41	0
925	20	0
926	22	0
927	34	0
928	12	0
929	27	0
930	20	0
931	22	0
932	16	0
933	19	0
934	15	0
935	12	0
936	9	0
937	9	0
938	18	0
939	15	0
940	32	0
941	12	0
942	17	0
943	31	0
944	12	0
945	16	0
946	11	0
947	15	0
948	28	0
949	9	0
950	35	0
951	14	0
952	18	0
953	22	0
954	24	0
955	15	0
956	12	0
957	31	0
958	15	0
959	32	0
960	26	0
961	19	0
962	39	0
963	24	0
964	20	0
965	16	0
966	16	0
967	9	0
968	11	0
969	11	0
970	18	0
971	18	0
972	17	0
973	16	0
974	16	0
975	13	0
976	14	0
977	22	0
978	15	0
979	11	0
980	35	0
981	24	0
982	18	0
983	24	0
984	15	0
985	32	0
986	18	0
987	14	0
988	36	0
989	10	0
990	34	0
991	34	0
992	14	0
993	19	0
994	23	0
995	19	0
996	18	0
997	20	0
998	32	0
999	67	0
1000	12	0
