1	14	10	0
2	36	20	23.4
3	23	30	22.3
4	13	40	15.4
5	27	50	21.9
6	24	60	12.6
7	41	70	16
8	13	80	21.5
9	14	90	14.2
10	29	100	16.2
11	21	110	14.8
12	17	120	24.3
13	22	130	15.4
14	15	140	20.1
15	27	150	17.2
16	28	160	19.3
17	12	170	24.2
18	46	180	18.1
19	15	190	18.4
20	20	200	19.4
21	14	210	20.2
22	15	220	17
23	20	230	20.3
24	16	240	25.2
25	13	250	24.7
26	9	260	36.7
27	19	270	32.4
28	18	280	30.9
29	20	290	31.3
30	10	300	23.6
31	18	310	23
32	24	320	53.5
33	13	330	26
34	10	340	28.3
35	22	350	46.5
36	16	360	37.3
37	15	370	22.6
38	48	380	24
39	27	390	44.4
40	26	400	29.9
41	12	410	42.2
42	9	420	20.9
43	12	430	39.4
44	12	440	22.6
45	12	450	28.8
46	13	460	40
47	14	470	35.9
48	12	480	21.4
49	19	490	41.7
50	11	500	33.6
51	15	510	21.1
52	9	520	45.1
53	15	530	36.8
54	21	540	43
55	14	550	31
56	9	560	33
57	28	570	25.6
58	23	580	17
59	15	590	31.1
60	11	600	30
61	19	610	40.6
62	19	620	32.3
63	22	630	39.4
64	17	640	23.6
65	29	650	36.4
66	21	660	34.9
67	26	670	33.7
68	30	680	21.5
69	19	690	23.8
70	13	700	34.2
71	15	710	37.6
72	21	720	37
73	10	730	40.1
74	9	740	33.6
75	20	750	26.2
76	10	760	50
77	19	770	28
78	12	780	48.8
79	14	790	32.6
80	12	800	30.9
81	15	810	32.2
82	21	820	24.5
83	28	830	24.1
84	14	840	28.8
85	9	850	42.6
86	14	860	26.6
87	10	870	40.9
88	17	880	31
89	12	890	26.2
90	22	900	40.9
91	12	910	28.1
92	25	920	33.4
93	11	930	28.7
94	16	940	29.3
95	17	950	33.7
96	21	960	26.5
97	12	970	31.6
98	8	980	41.9
99	12	990	27.8
100	14	1000	26.2
101	16	0
102	9	0
103	14	0
104	22	0
105	74	0
106	32	0
107	11	0
108	12	0
109	18	0
110	35	0
111	14	0
112	16	0
113	15	0
114	14	0
115	22	0
116	9	0
117	11	0
118	30	0
119	10	0
120	13	0
121	19	0
122	39	0
123	8	0
124	18	0
125	26	0
126	14	0
127	14	0
128	33	0
129	14	0
130	16	0
131	16	0
132	12	0
133	20	0
134	10	0
135	10	0
136	12	0
137	40	0
138	22	0
139	20	0
140	10	0
141	23	0
142	15	0
143	16	0
144	15	0
145	20	0
146	19	0
147	16	0
148	16	0
149	17	0
150	36	0
151	32	0
152	22	0
153	43	0
154	20	0
155	15	0
156	40	0
157	12	0
158	12	0
159	19	0
160	27	0
161	11	0
162	13	0
163	17	0
164	9	0
165	16	0
166	24	0
167	17	0
168	16	0
169	16	0
170	42	0
171	11	0
172	9	0
173	15	0
174	30	0
175	20	0
176	17	0
177	12	0
178	30	0
179	29	0
180	11	0
181	17	0
182	28	0
183	18	0
184	27	0
185	19	0
186	10	0
187	15	0
188	24	0
189	24	0
190	12	0
191	34	0
192	23	0
193	14	0
194	13	0
195	11	0
196	9	0
197	16	0
198	47	0
199	16	0
200	19	0
201	9	0
202	11	0
203	15	0
204	17	0
205	13	0
206	17	0
207	15	0
208	48	0
209	13	0
210	12	0
211	25	0
212	11	0
213	49	0
214	12	0
215	30	0
216	25	0
217	11	0
218	15	0
219	11	0
220	14	0
221	15	0
222	13	0
223	11	0
224	30	0
225	22	0
226	29	0
227	48	0
228	25	0
229	40	0
230	19	0
231	15	0
232	20	0
233	20	0
234	35	0
235	28	0
236	26	0
237	34	0
238	31	0
239	20	0
240	18	0
241	18	0
242	37	0
243	111	0
244	11	0
245	44	0
246	90	0
247	11	0
248	19	0
249	15	0
250	11	0
251	22	0
252	9	0
253	13	0
254	12	0
255	58	0
256	15	0
257	65	0
258	53	0
259	30	0
260	47	0
261	15	0
262	25	0
263	16	0
264	16	0
265	48	0
266	85	0
267	29	0
268	24	0
269	33	0
270	18	0
271	75	0
272	17	0
273	17	0
274	50	0
275	37	0
276	17	0
277	20	0
278	21	0
279	33	0
280	26	0
281	41	0
282	29	0
283	21	0
284	26	0
285	17	0
286	19	0
287	15	0
288	27	0
289	9	0
290	32	0
291	10	0
292	17	0
293	10	0
294	24	0
295	84	0
296	12	0
297	20	0
298	12	0
299	15	0
300	26	0
301	71	0
302	246	0
303	22	0
304	13	0
305	27	0
306	66	0
307	27	0
308	36	0
309	19	0
310	8	0
311	82	0
312	26	0
313	11	0
314	22	0
315	38	0
316	17	0
317	19	0
318	9	0
319	22	0
320	14	0
321	70	0
322	22	0
323	10	0
324	31	0
325	11	0
326	30	0
327	20	0
328	34	0
329	23	0
330	32	0
331	29	0
332	16	0
333	26	0
334	222	0
335	16	0
336	72	0
337	18	0
338	26	0
339	16	0
340	24	0
341	71	0
342	15	0
343	40	0
344	14	0
345	14	0
346	31	0
347	46	0
348	9	0
349	108	0
350	25	0
351	17	0
352	23	0
353	29	0
354	41	0
355	12	0
356	22	0
357	33	0
358	10	0
359	9	0
360	30	0
361	27	0
362	43	0
363	16	0
364	13	0
365	25	0
366	29	0
367	16	0
368	13	0
369	14	0
370	44	0
371	59	0
372	42	0
373	15	0
374	34	0
375	125	0
376	65	0
377	28	0
378	21	0
379	27	0
380	28	0
381	78	0
382	14	0
383	10	0
384	11	0
385	63	0
386	25	0
387	22	0
388	26	0
389	30	0
390	20	0
391	31	0
392	17	0
393	63	0
394	10	0
395	9	0
396	81	0
397	81	0
398	52	0
399	42	0
400	36	0
401	28	0
402	19	0
403	12	0
404	11	0
405	31	0
406	18	0
407	20	0
408	19	0
409	43	0
410	8	0
411	16	0
412	29	0
413	31	0
414	22	0
415	46	0
416	73	0
417	121	0
418	13	0
419	15	0
420	28	0
421	34	0
422	23	0
423	14	0
424	29	0
425	17	0
426	21	0
427	18	0
428	16	0
429	26	0
430	28	0
431	18	0
432	18	0
433	31	0
434	31	0
435	11	0
436	19	0
437	48	0
438	18	0
439	32	0
440	62	0
441	11	0
442	20	0
443	11	0
444	91	0
445	28	0
446	44	0
447	31	0
448	15	0
449	48	0
450	101	0
451	44	0
452	30	0
453	60	0
454	30	0
455	79	0
456	9	0
457	23	0
458	49	0
459	23	0
460	12	0
461	14	0
462	20	0
463	13	0
464	13	0
465	23	0
466	32	0
467	32	0
468	38	0
469	10	0
470	19	0
471	59	0
472	14	0
473	46	0
474	60	0
475	43	0
476	61	0
477	58	0
478	17	0
479	38	0
480	21	0
481	33	0
482	23	0
483	20	0
484	10	0
485	26	0
486	25	0
487	40	0
488	66	0
489	19	0
490	74	0
491	19	0
492	29	0
493	21	0
494	36	0
495	13	0
496	17	0
497	16	0
498	16	0
499	22	0
500	22	0
501	47	0
502	11	0
503	127	0
504	17	0
505	28	0
506	26	0
507	15	0
508	114	0
509	50	0
510	16	0
511	27	0
512	19	0
513	59	0
514	39	0
515	28	0
516	59	0
517	22	0
518	34	0
519	49	0
520	32	0
521	19	0
522	55	0
523	16	0
524	14	0
525	162	0
526	23	0
527	13	0
528	19	0
529	26	0
530	83	0
531	16	0
532	25	0
533	14	0
534	17	0
535	26	0
536	30	0
537	41	0
538	12	0
539	69	0
540	60	0
541	55	0
542	27	0
543	22	0
544	45	0
545	68	0
546	13	0
547	32	0
548	29	0
549	27	0
550	12	0
551	13	0
552	17	0
553	17	0
554	17	0
555	28	0
556	82	0
557	15	0
558	41	0
559	12	0
560	14	0
561	12	0
562	15	0
563	12	0
564	27	0
565	21	0
566	18	0
567	19	0
568	11	0
569	22	0
570	13	0
571	14	0
572	20	0
573	16	0
574	22	0
575	33	0
576	22	0
577	98	0
578	15	0
579	39	0
580	32	0
581	11	0
582	15	0
583	27	0
584	31	0
585	22	0
586	72	0
587	10	0
588	20	0
589	43	0
590	49	0
591	74	0
592	55	0
593	12	0
594	13	0
595	18	0
596	49	0
597	15	0
598	92	0
599	55	0
600	23	0
601	20	0
602	17	0
603	43	0
604	17	0
605	67	0
606	40	0
607	31	0
608	44	0
609	27	0
610	17	0
611	100	0
612	47	0
613	13	0
614	16	0
615	11	0
616	55	0
617	37	0
618	24	0
619	62	0
620	29	0
621	20	0
622	12	0
623	34	0
624	15	0
625	31	0
626	19	0
627	40	0
628	15	0
629	32	0
630	18	0
631	13	0
632	36	0
633	83	0
634	35	0
635	85	0
636	33	0
637	12	0
638	10	0
639	41	0
640	16	0
641	14	0
642	34	0
643	116	0
644	23	0
645	14	0
646	13	0
647	19	0
648	36	0
649	28	0
650	52	0
651	54	0
652	23	0
653	26	0
654	11	0
655	17	0
656	36	0
657	101	0
658	16	0
659	23	0
660	30	0
661	27	0
662	24	0
663	11	0
664	31	0
665	27	0
666	12	0
667	14	0
668	26	0
669	27	0
670	16	0
671	19	0
672	17	0
673	14	0
674	44	0
675	15	0
676	21	0
677	23	0
678	60	0
679	13	0
680	12	0
681	19	0
682	63	0
683	58	0
684	17	0
685	22	0
686	43	0
687	57	0
688	11	0
689	37	0
690	15	0
691	37	0
692	77	0
693	14	0
694	73	0
695	25	0
696	10	0
697	19	0
698	38	0
699	71	0
700	12	0
701	36	0
702	65	0
703	38	0
704	56	0
705	54	0
706	19	0
707	18	0
708	21	0
709	36	0
710	27	0
711	36	0
712	24	0
713	15	0
714	31	0
715	14	0
716	19	0
717	70	0
718	39	0
719	73	0
720	80	0
721	20	0
722	44	0
723	32	0
724	32	0
725	38	0
726	30	0
727	39	0
728	11	0
729	44	0
730	46	0
731	127	0
732	18	0
733	10	0
734	12	0
735	19	0
736	11	0
737	22	0
738	15	0
739	13	0
740	15	0
741	23	0
742	195	0
743	23	0
744	18	0
745	17	0
746	97	0
747	13	0
748	39	0
749	54	0
750	21	0
751	17	0
752	41	0
753	16	0
754	57	0
755	11	0
756	42	0
757	27	0
758	23	0
759	17	0
760	29	0
761	17	0
762	32	0
763	94	0
764	84	0
765	36	0
766	31	0
767	71	0
768	87	0
769	22	0
770	14	0
771	23	0
772	23	0
773	9	0
774	11	0
775	41	0
776	38	0
777	37	0
778	53	0
779	51	0
780	40	0
781	16	0
782	24	0
783	59	0
784	29	0
785	20	0
786	12	0
787	15	0
788	58	0
789	14	0
790	62	0
791	24	0
792	41	0
793	12	0
794	12	0
795	20	0
796	31	0
797	21	0
798	74	0
799	62	0
800	25	0
801	15	0
802	10	0
803	15	0
804	51	0
805	13	0
806	46	0
807	39	0
808	26	0
809	10	0
810	20	0
811	20	0
812	13	0
813	43	0
814	27	0
815	14	0
816	23	0
817	34	0
818	23	0
819	17	0
820	27	0
821	15	0
822	31	0
823	9	0
824	43	0
825	20	0
826	56	0
827	37	0
828	13	0
829	52	0
830	12	0
831	41	0
832	33	0
833	12	0
834	64	0
835	32	0
836	13	0
837	74	0
838	24	0
839	55	0
840	78	0
841	26	0
842	50	0
843	17	0
844	52	0
845	13	0
846	24	0
847	14	0
848	39	0
849	13	0
850	18	0
851	15	0
852	44	0
853	38	0
854	29	0
855	27	0
856	45	0
857	24	0
858	63	0
859	32	0
860	92	0
861	15	0
862	39	0
863	13	0
864	30	0
865	57	0
866	59	0
867	49	0
868	12	0
869	17	0
870	19	0
871	41	0
872	41	0
873	33	0
874	15	0
875	66	0
876	19	0
877	14	0
878	15	0
879	9	0
880	9	0
881	17	0
882	44	0
883	11	0
884	52	0
885	80	0
886	34	0
887	22	0
888	23	0
889	26	0
890	100	0
891	48	0
892	51	0
893	9	0
894	23	0
895	17	0
896	17	0
897	19	0
898	49	0
899	22	0
900	26	0
901	41	0
902	68	0
903	23	0
904	37	0
905	41	0
906	14	0
907	27	0
908	31	0
909	18	0
910	34	0
911	19	0
912	34	0
913	53	0
914	38	0
915	17	0
916	53	0
917	14	0
918	28	0
919	18	0
920	13	0
921	25	0
922	44	0
923	25	0
924	49	0
925	13	0
926	15	0
927	51	0
928	12	0
929	40	0
930	19	0
931	53	0
932	23	0
933	37	0
934	27	0
935	34	0
936	35	0
937	29	0
938	36	0
939	53	0
940	10	0
941	44	0
942	24	0
943	13	0
944	41	0
945	26	0
946	10	0
947	34	0
948	25	0
949	32	0
950	16	0
951	32	0
952	31	0
953	32	0
954	37	0
955	39	0
956	12	0
957	45	0
958	29	0
959	26	0
960	33	0
961	32	0
962	70	0
963	56	0
964	81	0
965	65	0
966	19	0
967	40	0
968	12	0
969	19	0
970	25	0
971	13	0
972	34	0
973	15	0
974	17	0
975	44	0
976	41	0
977	35	0
978	14	0
979	46	0
980	19	0
981	10	0
982	45	0
983	17	0
984	35	0
985	12	0
986	17	0
987	55	0
988	13	0
989	38	0
990	20	0
991	45	0
992	35	0
993	16	0
994	23	0
995	25	0
996	50	0
997	18	0
998	65	0
999	17	0
1000	13	0
